#' Color-blind colors
#
#' Colorblind-friendly colors for discrete values ####
#'
#' @docType data
#' @usage data('colorblind')
#' export
colorblind <- c("#000000", "#E69F00", "#56B4E9", "#009E73", "#F0E442", "#0072B2", "#D55E00", "#CC79A7", "#7555C8", "#7EF791", "#85112A", "#2BE6BE", "#EE599F", "#5F9143", "#759301") # Bang Wong




